# Constellation lines & names derived from d3-celestial (c) 2015 Olaf Frohn, BSD-2-Clause
N 0.750 43.000 Andromeda
L 30.975 42.330 17.433 35.621 9.832 30.861 2.097 29.090
L 14.302 23.418 11.835 24.267 9.639 29.312 9.832 30.861 9.220 33.719 -5.466 43.268 -14.520 42.326
L -5.466 43.268 -4.898 44.334 -5.609 46.458
L 17.433 35.621 14.188 38.499 12.454 41.079 17.375 47.242 24.498 48.628
L -4.898 44.334 -3.491 46.420
N 156.000 -36.000 Antlia
L 142.311 -35.951 156.788 -31.068 164.179 -37.138
N -120.000 -74.000 Apus
L -138.035 -79.045 -114.913 -78.696 -109.231 -77.517 -111.637 -78.897
N -22.500 -5.000 Aquarius
L -48.081 -9.496 -46.837 -8.983 -37.110 -5.571 -28.554 -0.320 -24.586 -1.387 -22.792 -0.020 -21.161 -0.117 -16.846 -7.580 -10.524 -9.182 -12.638 -21.172
L -37.110 -5.571 -28.391 -13.870
L -28.554 -0.320 -25.791 -7.783
L -22.792 -0.020 -23.681 1.377
L -9.257 -20.101 -10.524 -9.182 -4.559 -17.817
N -69.000 8.000 Aquila
L -63.435 10.613 -62.304 8.868 -61.172 6.407 -57.174 -0.822 -61.882 1.006 -68.625 3.115 -73.647 13.864 -62.304 8.868 -68.625 3.115 -73.438 -4.883
N -102.000 -56.000 Ara
L -98.651 -56.378 -97.225 -60.684 -107.553 -59.041 -105.345 -55.990 -105.104 -53.160 -97.040 -49.876 -98.675 -55.530
N 42.000 22.000 Aries
L 42.496 27.261 31.793 23.462 28.660 20.808 28.383 19.294
N 82.500 37.000 Auriga
L 89.882 44.947 79.172 45.998 76.629 41.234 74.248 33.166 81.573 28.608 89.930 37.213 89.882 44.947 89.882 54.285 79.172 45.998 75.492 43.823 75.620 41.076
N -136.500 35.000 Boötes
L -153.184 17.457 -151.329 18.398 -146.085 19.182 -142.042 30.371 -141.981 38.308 -134.513 40.391 -131.124 33.315 -138.753 27.074 -146.085 19.182 -139.713 13.728
L -141.981 38.308 -145.904 46.088 -146.634 51.788 -143.701 51.851 -145.904 46.088
N 73.500 -42.000 Caelum
L 67.709 -44.954 70.141 -41.864 70.514 -37.144 76.102 -35.483
N 84.000 72.000 Camelopardalis
L 74.322 53.752 75.855 60.442 73.513 66.343 57.590 71.332 57.380 65.526 52.267 59.940
L 73.513 66.343 94.712 69.320 105.017 76.977
N 128.250 27.000 Cancer
L 134.622 11.858 131.171 18.154 130.821 21.468 131.667 28.765
L 131.171 18.154 124.129 9.185
N -168.000 43.000 Canes Venatici
L -165.998 38.315 -171.564 41.358
N 97.500 -26.000 Canis Major
L 95.675 -17.956 101.287 -16.716 105.756 -23.833 107.098 -26.393 105.430 -27.935 104.656 -28.972 95.078 -30.063
L 111.024 -29.303 107.098 -26.393
L 101.287 -16.716 104.034 -17.054 105.940 -15.633 103.547 -12.039 104.034 -17.054
N 109.500 5.000 Canis Minor
L 114.826 5.225 111.788 8.289
N -45.000 -22.000 Capricornus
L -55.588 -12.508 -54.747 -14.781 -52.785 -17.814 -48.476 -25.271 -47.045 -26.919 -38.333 -22.411 -33.240 -16.127 -34.977 -16.662 -39.438 -16.834 -43.513 -17.233 -55.588 -12.508
N 144.000 -66.000 Carina
L 99.440 -43.196 95.988 -52.696 138.300 -69.717 153.434 -70.038 160.739 -64.394 158.006 -61.685 154.271 -61.332 139.273 -59.275 125.629 -59.510 119.195 -52.982 122.383 -47.337 131.176 -54.709 139.273 -59.275
L 160.739 -64.394 166.635 -62.424 167.142 -61.947 168.150 -60.318 167.148 -58.975 163.374 -58.853 158.006 -61.685
N -6.000 55.500 Cassiopeia
L 28.599 63.670 21.454 60.235 14.177 60.717 10.127 56.537 2.295 59.150
N -160.500 -40.000 Centaurus
L 170.252 -54.491 -177.910 -50.722 -172.990 -50.231 -169.621 -48.960 -155.028 -53.466 -151.115 -47.288 -152.596 -42.474 -152.624 -41.688 -148.329 -36.370 -141.123 -42.158 -135.210 -42.104
L -152.624 -41.688 -159.851 -36.712
L -140.104 -60.837 -155.028 -53.466 -149.044 -60.373
L -172.990 -50.231 -177.087 -52.368 172.942 -59.442
N -22.500 71.000 Cepheus
L -52.605 62.994 -48.678 61.839 -40.355 62.586 -34.123 58.780 -26.241 57.044 -27.286 58.201 -22.707 58.415 -17.580 66.200 -5.163 77.632 -37.835 70.561 -40.355 62.586
L -37.835 70.561 -17.580 66.200
N 28.500 -5.000 Cetus
L 40.825 3.236 38.969 5.593 37.040 8.460 41.236 10.114 44.929 8.907 45.570 4.090 40.825 3.236 39.871 0.329 34.837 -2.978 27.865 -10.335 26.017 -15.938 10.897 -17.987 4.857 -8.824 17.148 -10.182 21.006 -8.183 27.865 -10.335
N -171.000 -81.000 Chamaeleon
L 124.632 -76.920 158.867 -78.608 161.318 -80.470 -175.413 -79.312 179.907 -78.222 158.867 -78.608
N -142.500 -67.000 Circinus
L -130.621 -58.801 -139.373 -64.975 -129.156 -59.321
N 85.500 -39.000 Columba
L 95.528 -33.436 87.740 -35.768 84.912 -34.074 82.803 -35.471
L 87.740 -35.768 89.787 -42.815
N -166.500 24.000 Coma Berenices
L -162.503 17.529 -162.032 27.878 -173.266 28.268
N -78.000 -40.000 Corona Austrina
L -75.319 -37.107 -73.395 -37.063 -72.632 -37.904 -72.493 -39.341 -72.913 -40.497 -74.221 -42.095 -77.604 -43.434 -81.624 -42.312
N -121.500 32.000 Corona Borealis
L -126.768 31.359 -128.043 29.106 -126.328 26.715 -124.314 26.296 -122.602 26.068 -120.603 26.878 -119.639 29.851
N -174.000 -19.500 Corvus
L -177.897 -24.729 -177.469 -22.620 -176.048 -17.542 -172.534 -16.515 -171.403 -23.397 -177.469 -22.620
N 174.750 -15.000 Crater
L 174.171 -9.802 171.153 -10.859 169.835 -14.778 164.944 -18.299 167.915 -22.826 170.841 -18.780 171.220 -17.684 176.191 -18.351 179.004 -17.151
L 169.835 -14.778 171.220 -17.684
N -166.500 -62.000 Crux
L -168.070 -59.689 -176.214 -58.749
L -173.350 -63.099 -172.208 -57.113
N -52.500 50.000 Cygnus
L -41.766 30.227 -48.447 33.970 -54.443 40.257 -63.756 45.131 -67.573 51.730 -70.724 53.368
L -49.642 45.280 -54.443 40.257 -60.923 35.083 -67.320 27.960
N -51.000 6.000 Delphinus
L -51.697 11.303 -50.613 14.595 -50.090 15.912 -48.338 16.124 -49.135 15.075 -50.613 14.595
N 76.500 -64.000 Dorado
L 64.007 -51.487 68.499 -55.045 83.406 -62.490 86.193 -65.736 88.525 -63.090 83.406 -62.490 76.378 -57.473 68.499 -55.045
N -91.500 64.000 Draco
L -91.618 56.873 -90.849 51.489 -97.392 52.301 -96.933 55.173 -91.618 56.873 -71.861 67.662 -84.811 71.338 -102.803 65.715 -114.002 61.514 -119.528 58.565 -128.768 58.966 -148.903 64.376 -171.629 69.788 172.851 69.331
L -84.811 71.338 -84.736 72.733
L -71.861 67.662 -62.957 70.268
N -39.750 11.500 Equuleus
L -41.044 5.248 -41.380 10.007 -42.415 10.132
N 52.500 -18.000 Eridanus
L 76.962 -5.086 71.376 -3.255 69.080 -3.353 62.966 -6.838 59.507 -13.508 56.536 -12.102 55.812 -9.763 53.233 -9.458 44.107 -8.898 41.031 -13.859 41.276 -18.573 45.598 -23.625 49.879 -21.758 53.447 -21.633 56.712 -23.250 68.888 -30.562 66.009 -34.017 64.474 -33.798 57.364 -36.200 54.274 -40.275 49.982 -43.070 44.565 -40.305 40.167 -39.855 36.746 -47.704 34.127 -51.512 28.989 -51.609 24.428 -57.237
N 40.500 -28.000 Fornax
L 48.019 -28.988 42.273 -32.406 31.123 -29.297
N 107.250 23.500 Gemini
L 93.719 22.507 95.740 22.514 100.983 25.131 107.785 30.245 113.649 31.888 116.329 28.026 113.981 26.896 110.031 21.982 106.027 20.570 99.428 16.399 101.322 12.896
L 110.031 21.982 109.523 16.540
N -18.000 -41.500 Grus
L -14.780 -52.754 -17.861 -51.317 -19.333 -46.885 -22.561 -43.749 -27.942 -46.961 -19.333 -46.885
L -22.683 -43.496 -26.096 -41.347 -28.471 -39.543 -31.518 -37.365
N -106.500 35.000 Hercules
L -114.520 19.153 -112.445 21.490 -109.678 31.603 -109.276 38.922 -111.474 42.437 -115.065 46.313 -117.808 44.935 -121.831 42.452
L -109.678 31.603 -104.928 30.926
L -109.276 38.922 -101.238 36.809
L -90.937 37.251 -99.079 37.146 -101.238 36.809 -104.928 30.926 -101.242 24.839 -93.385 27.721 -90.559 29.248 -88.114 28.762
L -101.338 14.390 -112.445 21.490
N 51.000 -52.000 Horologium
L 63.501 -42.294 40.639 -50.800 39.352 -52.543 40.165 -54.550 45.903 -59.738 44.699 -64.071
N 150.000 -22.000 Hydra
L 131.694 6.419 132.108 5.838 130.806 3.399 129.689 3.341 129.414 5.704 131.694 6.419 133.848 5.946 138.591 2.314 144.964 -1.143 141.897 -8.659 147.870 -14.847 152.647 -12.354 156.523 -16.836 162.406 -16.194 173.250 -31.858 178.227 -33.908 -160.270 -23.172 -148.407 -26.682 -137.428 -27.960
N 34.500 -72.000 Hydrus
L 6.438 -77.254 56.810 -74.239 39.897 -68.267 35.437 -68.659 28.734 -67.647 29.692 -61.570
N -42.000 -55.500 Indus
L -50.608 -47.291 -48.990 -51.921 -46.297 -58.454 -30.520 -54.993 -40.033 -53.449 -50.608 -47.291
N -18.000 47.000 Lacerta
L -24.110 52.229 -22.177 50.282 -22.617 47.707 -24.744 46.537 -22.378 43.123 -19.871 44.276 -22.617 47.707 -23.871 49.476 -24.110 52.229
L -22.378 43.123 -26.530 39.715 -26.008 37.749
N 159.000 15.000 Leo
L 152.093 11.967 151.833 16.763 154.993 19.841 168.527 20.524 177.265 14.572 168.560 15.430 152.093 11.967
L 154.993 19.841 154.173 23.417 148.191 26.007 146.463 23.774
N 157.500 30.000 Leo Minor
L 151.857 35.245 156.478 33.796 163.328 34.215 156.971 36.707 151.857 35.245 143.556 36.398
N 88.500 -25.000 Lepus
L 91.539 -14.935 89.101 -14.168 86.739 -14.822 83.183 -17.822 78.233 -16.206 76.365 -22.371 82.061 -20.759 86.116 -22.448 87.830 -20.879
L 78.308 -12.941 78.233 -16.206 79.894 -13.177
N -129.000 -26.000 Libra
L -133.982 -25.282 -137.280 -16.042 -130.748 -9.383 -126.118 -14.790 -125.744 -28.135 -125.336 -29.778
L -137.280 -16.042 -126.118 -14.790
N -131.250 -35.000 Lupus
L -122.260 -33.627 -125.058 -34.412 -129.548 -36.261 -129.657 -40.648 -135.367 -43.134 -139.518 -47.388 -131.929 -52.099 -130.367 -47.875 -129.330 -44.690 -126.215 -41.167 -119.969 -38.397 -118.352 -36.802
L -129.657 -40.648 -126.215 -41.167
N 121.500 49.000 Lynx
L 94.906 59.011 104.319 58.423 111.678 49.212 125.709 43.188 135.160 41.783 139.711 36.803 140.264 34.393
N -81.000 30.000 Lyra
L -78.807 37.605 -78.905 39.613 -80.765 38.784 -78.807 37.605 -76.374 36.899 -75.264 32.690 -77.480 33.363 -78.807 37.605
N 82.500 -80.000 Mensa
L 92.560 -74.753 82.971 -76.341 73.797 -74.937 75.679 -71.314
N -43.500 -37.000 Microscopium
L -47.508 -33.780 -47.879 -43.989 -39.810 -40.809 -40.516 -32.172 -44.677 -32.258 -47.508 -33.780
N 114.750 -6.000 Monoceros
L 115.312 -9.551 122.148 -2.984 107.966 -0.493 97.204 -7.033 93.714 -6.275
L 107.966 -0.493 101.965 2.412 95.942 4.593 98.226 7.333 100.244 9.896
N -165.000 -73.000 Musca
L 176.402 -66.729 -175.607 -67.961 -170.704 -69.136 -168.430 -68.108 -164.432 -71.549 -171.883 -72.133 -170.704 -69.136
N -117.000 -52.000 Norma
L -118.377 -45.173 -113.204 -47.555 -115.040 -50.156 -119.196 -49.230 -118.377 -45.173
N -60.000 -80.000 Octans
L -143.270 -83.668 -18.485 -81.382 -34.631 -77.390 -143.270 -83.668
N -102.000 3.000 Ophiuchus
L -90.243 -9.774 -93.027 2.707 -94.132 4.567 -96.266 12.560 -105.583 9.375 -112.272 1.984 -116.414 -3.694 -115.420 -4.692 -110.710 -10.567 -102.406 -15.725
L -105.583 9.375 -110.710 -10.567 -112.215 -16.613 -113.244 -18.456 -113.974 -20.037 -113.604 -23.447
L -94.132 4.567 -102.406 -15.725 -99.498 -25.000 -98.161 -29.867
N 84.000 13.000 Orion
L 91.893 14.768 88.596 20.276 90.980 20.139 92.985 14.209 90.596 9.647 88.793 7.407 81.283 6.350 73.724 10.151
L 74.637 1.714 73.563 2.441 72.802 5.605 72.460 6.961 72.653 8.900 73.724 10.151 74.093 13.514 76.142 15.404 77.425 15.597
L 78.635 -8.202 81.119 -2.397 83.002 -0.299 81.283 6.350 83.784 9.934 88.793 7.407 85.190 -1.943 86.939 -9.670
L 85.190 -1.943 84.053 -1.202 83.002 -0.299
N -63.000 -62.000 Pavo
L -53.588 -56.735 -48.760 -66.203 -57.818 -66.182 -76.946 -62.188 -84.193 -61.494 -87.855 -63.669 -93.567 -64.724 -79.241 -71.428 -59.852 -72.910 -48.760 -66.203 -38.389 -65.366
N -25.500 16.000 Pegasus
L -27.503 33.178 -19.249 30.221 -14.056 28.083 2.097 29.090 3.309 15.184 -13.810 15.205 -18.327 12.173 -19.634 10.831 -27.450 6.198 -33.953 9.875
L -13.810 15.205 -14.056 28.083 -17.499 24.602 -18.367 23.566 -28.247 25.345 -33.839 25.645
N 66.000 45.000 Perseus
L 56.080 32.288 58.533 31.884 59.741 35.791 59.464 40.010 56.298 42.578 55.731 47.788 54.122 48.193 51.081 49.861 46.199 53.506 42.674 55.895 43.564 52.763 47.267 49.613 47.374 44.858 47.042 40.956 47.822 39.612 46.294 38.840 44.690 39.663 44.916 41.033 47.042 40.956
L 61.646 50.351 63.724 48.409 62.165 47.712 55.731 47.788
L 47.267 49.613 41.050 49.228 25.915 50.689
N 16.500 -43.000 Phoenix
L 6.571 -42.306 16.521 -46.718 22.091 -43.318 22.813 -49.073 17.096 -55.246 16.521 -46.718 2.353 -45.747 6.571 -42.306
N 82.500 -50.000 Pictor
L 102.048 -61.941 87.457 -56.167 86.821 -51.066
N 19.500 15.000 Pisces
L 18.437 24.584 17.915 30.090 19.867 27.264 18.437 24.584 17.863 21.035 22.871 15.346 26.349 9.158 30.512 2.764 28.389 3.188 25.358 5.488 22.546 6.144 18.433 7.575 15.736 7.890 12.171 7.585 -0.172 6.863 -5.012 5.626 -8.008 6.379 -9.914 5.381 -10.709 3.282 -8.267 1.256 -4.488 1.780 -3.402 3.487 -5.012 5.626
L -10.709 3.282 -14.031 3.820
N -27.000 -29.000 Piscis Austrinus
L -19.836 -27.044 -15.587 -29.622 -16.013 -32.540 -16.869 -32.876 -22.124 -32.346 -27.904 -32.989 -33.763 -33.026 -33.066 -30.898 -27.904 -32.989 -19.836 -27.044
N 111.000 -46.000 Puppis
L 99.440 -43.196 109.286 -37.097 113.845 -28.369 114.708 -26.804 117.324 -24.860 119.215 -22.880 121.886 -24.304 120.896 -40.003 122.383 -47.337
L 117.324 -24.860 117.022 -25.937 115.952 -28.955 113.845 -28.369
N 132.000 -24.000 Pyxis
L 120.896 -40.003 130.026 -35.308 130.898 -33.186 132.633 -27.710
N 55.500 -61.000 Reticulum
L 63.606 -62.474 64.121 -59.302 59.687 -61.400 56.050 -64.807 63.606 -62.474
N -69.000 18.000 Sagitta
L -64.976 18.014 -63.153 18.534 -60.311 19.492
L -64.738 17.476 -63.153 18.534
N -67.500 -34.000 Sagittarius
L -85.593 -36.762 -83.957 -34.385 -84.751 -29.828 -83.007 -25.422 -86.559 -21.059
L -69.340 -44.459 -69.028 -40.616 -74.347 -29.880 -78.586 -26.991 -83.007 -25.422
L -61.185 -41.868 -60.066 -35.276 -61.040 -26.299 -65.823 -24.884 -68.681 -24.509 -71.115 -25.257 -76.184 -26.297 -78.586 -26.991 -84.751 -29.828 -88.548 -30.424 -83.957 -34.385 -74.347 -29.880 -73.265 -27.670 -76.184 -26.297 -73.829 -21.741 -72.559 -21.024 -70.591 -18.953 -69.582 -17.847 -69.568 -15.955
L -73.829 -21.741 -75.567 -21.107 -76.458 -22.745 -76.184 -26.297
N -111.000 -38.000 Scorpius
L -120.287 -26.114 -119.917 -22.622 -118.641 -19.805
L -119.917 -22.622 -114.703 -25.593 -112.648 -26.432 -111.029 -28.216 -107.459 -34.293 -107.032 -38.047 -106.354 -42.361 -101.962 -43.239 -95.670 -42.998 -93.104 -40.127 -94.378 -39.030 -96.598 -37.104
N 1.500 -33.000 Sculptor
L 14.652 -29.357 -2.769 -28.130 -10.294 -32.532 -6.757 -37.818
N -78.000 -12.500 Scutum
L -81.198 -8.244 -78.206 -4.748 -79.432 -9.053 -82.701 -14.566 -81.198 -8.244
N -79.500 3.000 Serpens Cauda
L -123.453 15.422 -124.612 19.670 -122.815 18.142 -120.887 15.662 -123.453 15.422 -126.299 10.539 -123.933 6.426 -122.296 4.478 -116.414 -3.694
N -79.500 3.000 Serpens Cauda
L -102.406 -15.725 -95.603 -15.399 -90.243 -9.774 -89.230 -8.180 -84.672 -2.899 -75.945 4.204
N 157.500 -7.000 Sextans
L 151.984 -0.372 148.127 -8.105 157.370 -2.739 157.573 -0.637
N 54.000 15.000 Taurus
L 84.411 21.142 68.980 16.509 67.166 15.871 64.948 15.628 65.734 17.543 67.154 19.180 81.573 28.608
L 64.948 15.628 60.170 12.490 51.792 9.733 60.789 5.989
L 51.792 9.733 51.203 9.029 54.218 0.402
N -82.500 -54.000 Telescopium
L -87.193 -45.954 -83.257 -45.968 -82.792 -49.071
N 27.000 34.000 Triangulum
L 28.270 29.579 32.386 34.987 34.329 33.847 28.270 29.579
N -120.000 -67.500 Triangulum Australe
L -107.834 -69.028 -121.214 -63.431 -130.273 -68.680 -107.834 -69.028
N -12.000 -64.000 Tucana
L -25.375 -60.260 -10.643 -58.236 7.886 -62.958 5.018 -64.875 -0.021 -65.577 -23.167 -64.966 -25.375 -60.260
N 165.000 48.000 Ursa Major
L -176.143 57.033 165.932 61.751 165.460 56.382 178.458 53.695 -176.143 57.033 -166.493 55.960 -159.019 54.925 -153.115 49.313
L 178.458 53.695 176.513 47.779 169.620 33.094 169.547 31.531
L 176.513 47.779 167.416 44.498 155.582 41.499
L 167.416 44.498 154.274 42.914
L 165.932 61.751 142.882 63.062 127.566 60.718 147.747 59.039 165.460 56.382
L 165.460 56.382 148.026 54.064 143.214 51.677 134.802 48.042
L 135.906 47.157 143.214 51.677
N -133.500 68.000 Ursa Minor
L -123.985 77.794 -115.624 75.755 -129.818 71.834 -137.324 74.156 -123.985 77.794 -108.507 82.037 -96.946 86.587 37.955 89.264
N 143.250 -46.000 Vela
L 131.176 -54.709 140.528 -55.011 149.216 -54.568 161.692 -49.420 153.684 -42.122 142.675 -40.467 136.999 -43.433 122.383 -47.337
N -160.500 -4.000 Virgo
L 176.465 6.529 177.674 1.765 -175.024 -0.667 -169.585 -1.449 -162.512 -5.539 -158.702 -11.161 -145.996 -6.000 -139.235 -5.658
L -164.456 10.959 -166.099 3.397 -169.585 -1.449
L -162.512 -5.539 -156.327 -0.596 -149.588 1.544 -138.438 1.893
N 111.000 -73.000 Volans
L 135.612 -66.396 126.434 -66.137 121.983 -68.617 109.208 -67.957 107.187 -70.499 121.983 -68.617 135.612 -66.396
N -64.500 21.000 Vulpecula
L -70.946 21.390 -67.824 24.665 -61.635 24.080 -59.725 27.754 -56.058 27.814
